10 0 85 85 85 255 2
11 0 85 85 85 255 2

9 1 85 85 85 255 2
10 1 85 85 85 255 2
11 1 85 85 85 255 2

8 2 85 85 85 255 2
9 2 85 85 85 255 2
10 2 85 85 85 255 2
11 2 85 85 85 255 2
12 2 85 85 85 255 2

6 3 85 85 85 255 2
7 3 85 85 85 255 2
8 3 85 85 85 255 2
9 3 85 85 85 255 2
10 3 85 85 85 255 2
11 3 85 85 85 255 2
12 3 85 85 85 255 2
13 3 85 85 85 255 2

8 4 200 200 200 255 1
9 4 231 153 101 255 1
10 4 231 153 101 255 1
11 4 231 153 101 255 1
12 4 200 200 200 255 1

5 5 140 55 20 255 1
8 5 200 200 200 255 1
9 5 20 20 20 255 2
10 5 231 153 101 255 1
11 5 20 20 20 255 2
12 5 200 200 200 255 1

5 6 140 55 20 255 1
8 6 200 200 200 255 1
9 6 231 153 101 255 1
10 6 231 153 101 255 1
11 6 231 153 101 255 1
12 6 200 200 200 255 1

5 7 140 55 20 255 1
8 7 200 200 200 255 1
9 7 231 153 101 255 1
10 7 200 200 200 255 1
11 7 231 153 101 255 1
12 7 200 200 200 255 1

5 8 140 55 20 255 1
8 8 200 200 200 255 1
9 8 200 200 200 255 1
10 8 20 20 20 255 2
11 8 200 200 200 255 1
12 8 200 200 200 255 1

5 9 140 55 20 255 1
6 9 140 55 20 255 1
8 9 200 200 200 255 1
9 9 200 200 200 255 1
10 9 200 200 200 255 1
11 9 200 200 200 255 1
12 9 200 200 200 255 1

6 10 140 55 20 255 1
9 10 200 200 200 255 1
10 10 200 200 200 255 1
11 10 200 200 200 255 1

6 11 140 55 20 255 1
7 11 140 55 20 255 1
8 11 150 150 150 255 1
9 11 200 200 200 255 1
10 11 200 200 200 255 1
11 11 200 200 200 255 1
12 11 150 150 150 255 1

7 12 140 55 20 255 1
8 12 140 55 20 255 1
9 12 150 150 150 255 1
10 12 200 200 200 255 1
11 12 200 200 200 255 1
12 12 150 150 150 255 1

8 13 140 55 20 255 1
9 13 150 150 150 255 1
10 13 150 150 150 255 1
11 13 200 200 200 255 1
12 13 150 150 150 255 1
